15/1/15;120,120,136,
16/1/15;179,86,90,
17/1/15;147,154,173,
18/1/15;94,81,84,
19/1/15;115,157,134,
20/1/15;175,98,93,
21/1/15;133,115,114,
22/1/15;123,167,114,
23/1/15;138,120,124,
24/1/15;93,112,192,
25/1/15;128,153,101,
26/1/15;186,151,129,
27/1/15;132,190,89,
28/1/15;121,109,179,
29/1/15;142,192,87,
30/1/15;157,123,189,
31/1/15;120,104,173,
1/2/15;127,122,171,
2/2/15;100,100,163,
3/2/15;91,181,125,
4/2/15;196,126,110,
5/2/15;124,108,89,
6/2/15;125,187,185,
7/2/15;86,145,133,
8/2/15;191,137,177,
9/2/15;83,146,114,
10/2/15;168,153,141,
11/2/15;118,116,189,
12/2/15;125,192,128,
13/2/15;134,167,85,
14/2/15;166,137,176,
15/2/15;109,178,91,
16/2/15;200,191,185,
17/2/15;84,97,119,
18/2/15;141,152,199,
19/2/15;199,135,172,
20/2/15;133,121,87,
21/2/15;151,84,93,
22/2/15;112,99,172,
23/2/15;113,152,158,
24/2/15;152,89,190,
25/2/15;109,107,195,
26/2/15;179,116,88,
27/2/15;148,199,130,
28/2/15;157,125,90,
1/3/15;129,178,120,
2/3/15;144,92,187,
3/3/15;118,170,154,
4/3/15;175,200,104,
5/3/15;142,119,142,
6/3/15;142,132,80,
7/3/15;101,101,108,
8/3/15;104,145,108,
9/3/15;122,103,137,
10/3/15;99,178,138,
11/3/15;155,196,199,
12/3/15;122,92,156,
13/3/15;90,178,128,
14/3/15;155,126,185,
15/3/15;147,92,124,
16/3/15;92,118,81,
17/3/15;115,200,83,
18/3/15;89,183,199,
19/3/15;92,153,109,
20/3/15;105,128,111,
21/3/15;169,193,163,
22/3/15;178,197,200,
23/3/15;91,193,181,
24/3/15;162,161,107,
25/3/15;80,122,136,
26/3/15;135,189,93,
27/3/15;149,124,139,
28/3/15;135,178,181,
29/3/15;143,90,103,
30/3/15;136,125,152,
31/3/15;99,109,112,
1/4/15;109,191,151,
2/4/15;190,81,103,
3/4/15;92,161,149,
4/4/15;195,97,183,
5/4/15;94,111,141,
6/4/15;121,110,150,
7/4/15;163,82,90,
8/4/15;130,148,138,
9/4/15;103,105,143,
10/4/15;198,103,153,
11/4/15;119,105,120,
12/4/15;137,193,83,
13/4/15;136,168,162,
14/4/15;168,87,115,
15/4/15;174,168,117,
16/4/15;146,129,156,
17/4/15;95,179,179,
18/4/15;142,154,87,
19/4/15;162,151,98,
20/4/15;105,160,165,
21/4/15;141,180,175,
22/4/15;90,170,91,
23/4/15;129,174,168,
24/4/15;111,194,172,
25/4/15;83,175,82,
26/4/15;138,193,186,
27/4/15;119,168,88,
28/4/15;187,189,123,
29/4/15;132,154,97,
30/4/15;81,185,142,
1/5/15;180,117,182,
2/5/15;84,196,151,
3/5/15;140,162,191,
4/5/15;167,152,81,
5/5/15;176,184,116,
6/5/15;179,109,116,
7/5/15;200,149,84,
8/5/15;110,198,193,
9/5/15;107,176,199,
10/5/15;114,130,177,
11/5/15;145,101,155,
12/5/15;83,94,104,
13/5/15;102,146,99,
14/5/15;146,89,152,
15/5/15;123,157,101,
16/5/15;163,98,184,
17/5/15;161,168,121,
18/5/15;128,128,185,
19/5/15;111,117,139,
20/5/15;140,175,141,
21/5/15;182,182,195,
22/5/15;175,81,138,
23/5/15;107,191,130,
24/5/15;92,91,153,
25/5/15;146,125,168,
26/5/15;188,125,152,
27/5/15;157,100,140,
28/5/15;115,185,179,
29/5/15;178,80,170,
30/5/15;88,123,102,
31/5/15;96,141,102,
1/6/15;193,153,175,
2/6/15;197,102,160,
3/6/15;130,173,122,
4/6/15;88,105,118,
5/6/15;161,82,193,
6/6/15;158,135,200,
7/6/15;83,155,182,
8/6/15;118,149,81,
9/6/15;177,198,116,
10/6/15;169,177,159,
11/6/15;149,150,192,
12/6/15;195,104,154,
13/6/15;95,95,100,
14/6/15;174,98,122,
15/6/15;192,178,185,
16/6/15;185,86,110,
17/6/15;187,119,85,
18/6/15;179,111,98,
19/6/15;172,105,144,
20/6/15;86,104,125,
21/6/15;120,81,129,
22/6/15;128,94,158,
23/6/15;127,160,163,
24/6/15;176,98,139,
25/6/15;126,163,189,
26/6/15;198,129,101,
27/6/15;173,91,190,
28/6/15;102,116,117,
29/6/15;126,194,184,
30/6/15;133,143,178,
1/7/15;166,94,159,
2/7/15;114,159,186,
3/7/15;85,135,164,
4/7/15;80,148,99,
5/7/15;141,139,141,
6/7/15;97,111,135,
7/7/15;163,133,200,
8/7/15;163,187,148,
9/7/15;144,91,111,
10/7/15;113,122,153,
11/7/15;136,191,132,
12/7/15;143,98,139,
13/7/15;178,81,140,
14/7/15;82,187,197,
15/7/15;95,196,107,
16/7/15;123,87,165,
17/7/15;85,159,126,
18/7/15;144,106,124,
19/7/15;172,90,194,
20/7/15;195,162,200,
21/7/15;157,162,102,
22/7/15;156,124,140,
23/7/15;97,122,158,
24/7/15;191,172,170,
25/7/15;151,176,161,
26/7/15;143,195,120,
27/7/15;159,85,161,
28/7/15;96,168,172,
29/7/15;121,100,164,
30/7/15;122,150,144,
31/7/15;128,100,157,
1/8/15;172,86,147,
2/8/15;104,149,159,
3/8/15;123,139,168,
4/8/15;177,106,136,
5/8/15;195,112,178,
6/8/15;84,154,94,
7/8/15;147,165,184,
8/8/15;171,120,126,
9/8/15;132,150,165,
10/8/15;108,125,125,
11/8/15;134,135,169,
12/8/15;133,103,129,
13/8/15;173,116,90,
14/8/15;170,193,197,
15/8/15;134,130,155,
16/8/15;135,187,173,
17/8/15;90,101,95,
18/8/15;87,107,139,
19/8/15;94,88,149,
20/8/15;152,97,143,
21/8/15;107,174,136,
22/8/15;137,116,191,
23/8/15;122,117,135,
24/8/15;94,96,193,
25/8/15;133,172,146,
26/8/15;174,86,172,
27/8/15;134,123,167,
28/8/15;81,129,159,
29/8/15;187,132,136,
30/8/15;151,147,198,
31/8/15;105,103,126,
1/9/15;113,115,170,
2/9/15;164,166,191,
3/9/15;175,119,175,
4/9/15;177,86,102,
5/9/15;162,83,94,
6/9/15;150,156,198,
7/9/15;88,195,97,
8/9/15;114,113,153,
9/9/15;167,85,183,
10/9/15;186,197,103,
11/9/15;96,96,142,
12/9/15;142,146,128,
13/9/15;160,185,124,
14/9/15;195,109,94,
15/9/15;88,177,110,
16/9/15;188,135,125,,